0 905.000000
1 865.000000
2 912.000000
3 832.000000
4 844.000000
5 877.000000
6 894.000000
7 933.000000
8 922.000000
9 890.000000
10 924.000000
11 1008.000000
12 921.000000
13 921.000000
14 854.000000
15 821.000000
16 880.000000
17 854.000000
18 852.000000
19 818.000000
20 776.000000
21 913.000000
22 910.000000
23 832.000000
24 882.000000
25 839.000000
26 862.000000
27 812.000000
28 865.000000
29 888.000000
30 857.000000
31 896.000000
32 863.000000
33 921.000000
34 949.000000
35 837.000000
36 854.000000
37 845.000000
38 902.000000
39 806.000000
40 999.000000
41 804.000000
42 828.000000
43 837.000000
44 914.000000
45 929.000000
46 894.000000
47 902.000000
48 904.000000
49 995.000000
50 803.000000
51 884.000000
52 879.000000
53 1000.000000
54 820.000000
55 887.000000
56 845.000000
57 870.000000
58 815.000000
59 930.000000
60 786.000000
61 889.000000
62 1007.000000
63 815.000000
64 904.000000
65 791.000000
66 890.000000
67 893.000000
68 816.000000
