0 714.000000
1 711.000000
2 690.000000
3 690.000000
4 690.000000
5 686.000000
6 686.000000
7 686.000000
8 686.000000
9 686.000000
10 686.000000
11 686.000000
12 686.000000
13 686.000000
14 686.000000
15 686.000000
16 686.000000
17 686.000000
18 686.000000
19 686.000000
20 686.000000
21 686.000000
22 686.000000
23 686.000000
24 686.000000
25 686.000000
26 685.000000
27 685.000000
28 685.000000
29 685.000000
30 685.000000
31 685.000000
32 685.000000
33 685.000000
34 685.000000
35 685.000000
36 685.000000
37 683.000000
38 683.000000
39 683.000000
40 683.000000
41 683.000000
42 683.000000
43 683.000000
44 683.000000
45 683.000000
46 683.000000
47 683.000000
48 683.000000
49 683.000000
50 683.000000
51 683.000000
52 683.000000
53 683.000000
54 683.000000
55 683.000000
56 683.000000
57 683.000000
58 683.000000
59 683.000000
60 683.000000
61 683.000000
62 683.000000
63 683.000000
64 683.000000
65 683.000000
66 683.000000
67 683.000000
68 683.000000
